47 42 
32 42 32 116 97 115 107 56 46 99 
32 42 32 82 121 97 110 32 82 111 115 105 97 107 
32 42 32 67 79 83 67 32 51 53 48 45 55 53 48 
32 42 32 50 47 50 50 47 50 49 
32 42 47 
35 105 110 99 108 117 100 101 60 115 116 100 105 111 46 104 62 32 47 47 32 83 116 97 110 100 97 114 100 32 73 47 79 
35 105 110 99 108 117 100 101 60 115 116 100 108 105 98 46 104 62 32 47 47 32 83 116 97 110 100 97 114 100 32 108 105 98 114 97 114 121 32 
35 105 110 99 108 117 100 101 60 115 116 114 105 110 103 46 104 62 32 47 47 32 83 116 114 105 110 103 32 102 117 110 99 116 105 111 110 115 
35 105 110 99 108 117 100 101 60 102 99 110 116 108 46 104 62 32 47 47 32 111 112 101 110 40 41 
35 105 110 99 108 117 100 101 60 117 110 105 115 116 100 46 104 62 32 47 47 32 114 101 97 100 40 41 44 32 119 114 105 116 101 40 41 
35 105 110 99 108 117 100 101 60 115 116 100 98 111 111 108 46 104 62 32 47 47 32 98 111 111 108 32 97 108 105 97 115 
35 105 110 99 108 117 100 101 60 115 121 115 47 115 116 97 116 46 104 62 32 47 47 32 117 109 97 115 107 40 41 

35 100 101 102 105 110 101 32 66 85 70 70 69 82 95 83 73 90 69 32 49 

47 42 
32 42 32 109 121 65 116 111 73 32 70 117 110 99 116 105 111 110 58 
32 42 32 67 111 110 118 101 114 116 115 32 97 32 115 105 110 103 108 101 32 99 104 97 114 97 99 116 101 114 32 116 111 32 105 116 39 115 32 65 83 67 73 73 32 114 101 112 114 101 115 101 110 116 97 116 105 111 110 
32 42 47 
105 110 116 32 109 121 65 116 111 73 116 111 65 40 99 104 97 114 32 110 117 109 44 32 99 104 97 114 42 32 98 117 102 102 101 114 41 32 123 
32 32 32 32 47 47 32 83 117 98 116 114 97 99 116 32 116 104 101 32 65 83 67 73 73 32 48 32 102 114 111 109 32 101 97 99 104 32 100 105 103 105 116 32 97 110 100 32 116 104 101 110 32 109 117 108 116 105 112 108 121 32 98 121 32 101 97 99 104 
32 32 32 32 47 47 32 100 101 99 105 109 97 108 32 112 108 97 99 101 32 116 111 32 103 101 116 32 111 117 116 32 110 117 109 98 101 114 32 98 97 99 107 
32 32 32 32 105 110 116 32 97 115 99 105 105 73 110 116 32 61 32 48 59 
32 32 32 32 97 115 99 105 105 73 110 116 32 61 32 110 117 109 32 45 32 39 92 48 39 59 
32 32 32 32 105 110 116 32 110 117 109 68 105 103 105 116 115 59 
32 32 32 32 105 102 32 40 97 115 99 105 105 73 110 116 32 62 61 32 49 48 48 41 32 123 
32 32 32 32 32 32 32 32 110 117 109 68 105 103 105 116 115 32 61 32 51 59 
32 32 32 32 125 32 101 108 115 101 32 105 102 32 40 97 115 99 105 105 73 110 116 32 62 61 32 49 48 41 32 123 
32 32 32 32 32 32 32 32 110 117 109 68 105 103 105 116 115 32 61 32 50 59 
32 32 32 32 125 32 101 108 115 101 32 123 
32 32 32 32 32 32 32 32 110 117 109 68 105 103 105 116 115 32 61 32 49 59 
32 32 32 32 125 

32 32 32 32 105 110 116 32 105 32 61 32 110 117 109 68 105 103 105 116 115 32 45 32 49 59 
32 32 32 32 119 104 105 108 101 32 40 97 115 99 105 105 73 110 116 32 33 61 32 48 41 32 123 
32 32 32 32 32 32 32 32 98 117 102 102 101 114 91 105 45 45 93 32 61 32 97 115 99 105 105 73 110 116 32 37 32 49 48 32 43 32 39 48 39 59 
32 32 32 32 32 32 32 32 97 115 99 105 105 73 110 116 32 47 61 32 49 48 59 
32 32 32 32 125 
32 32 32 32 114 101 116 117 114 110 32 110 117 109 68 105 103 105 116 115 59 
125 

47 42 
32 42 32 80 97 115 115 32 97 32 116 101 120 116 32 102 105 108 101 32 97 115 32 105 110 112 117 116 32 97 110 100 32 97 110 32 111 117 116 112 117 116 32 102 105 108 101 32 110 97 109 101 32 97 115 
32 42 32 67 76 73 46 32 79 112 101 110 32 116 104 101 32 105 110 112 117 116 32 102 105 108 101 32 97 115 32 82 69 65 68 32 79 78 76 89 32 97 110 100 32 111 112 101 110 32 116 104 101 32 111 117 116 112 117 116 
32 42 32 102 105 108 101 32 97 115 32 114 119 32 102 111 114 32 97 108 108 32 109 111 100 101 115 46 32 70 105 110 97 108 108 121 44 32 101 110 99 111 100 101 32 101 97 99 104 32 99 104 97 114 97 99 116 101 114 
32 42 32 116 111 32 105 116 39 115 32 99 111 114 114 101 115 112 111 110 100 105 110 103 32 65 83 67 73 73 32 99 111 100 101 32 110 117 109 98 101 114 32 97 110 100 32 111 117 116 112 117 116 32 105 116 32 116 111 32 116 104 101 
32 42 32 102 105 108 101 46 32 67 111 110 115 105 100 101 114 32 97 114 103 117 109 101 110 116 32 110 117 109 98 101 114 32 101 114 114 111 114 115 32 97 110 100 32 111 112 101 110 32 102 105 108 101 32 101 114 114 111 114 115 46 
32 42 47 
105 110 116 32 109 97 105 110 40 105 110 116 32 97 114 103 99 44 32 99 104 97 114 42 42 32 97 114 103 118 41 32 123 

32 32 32 32 47 47 32 67 114 101 97 116 101 32 98 117 102 102 101 114 
32 32 32 32 99 104 97 114 32 98 117 102 102 91 66 85 70 70 69 82 95 83 73 90 69 93 59 
32 32 32 32 47 47 32 67 114 101 97 116 101 32 102 117 108 108 32 112 97 116 104 32 98 117 102 102 101 114 
32 32 32 32 99 104 97 114 32 102 117 108 108 112 97 116 104 91 49 50 48 93 59 32 47 47 32 76 97 114 103 101 32 105 110 32 99 97 115 101 32 111 102 32 97 98 110 111 114 109 97 108 108 121 32 108 111 110 103 32 112 97 116 104 
32 32 32 32 47 47 32 70 111 114 32 104 111 109 101 32 118 97 114 105 97 98 108 101 
32 32 32 32 99 104 97 114 42 32 104 111 109 101 100 105 114 59 

32 32 32 32 47 47 32 77 97 107 101 32 115 117 114 101 32 116 104 101 32 99 111 114 114 101 99 116 32 35 32 111 102 32 97 114 103 115 32 97 114 101 32 112 97 115 115 101 100 
32 32 32 32 105 102 32 40 97 114 103 99 32 33 61 32 51 41 32 123 
32 32 32 32 32 32 32 32 112 117 116 115 40 34 42 42 42 32 73 110 118 97 108 105 100 32 35 32 111 102 32 97 114 103 117 109 101 110 116 115 32 42 42 42 34 41 59 
32 32 32 32 32 32 32 32 114 101 116 117 114 110 32 49 59 32 47 47 32 82 101 116 117 114 110 105 110 103 32 98 101 99 97 117 115 101 32 116 104 101 32 35 32 111 102 32 97 114 103 117 109 101 110 116 115 32 112 97 115 115 101 100 32 105 115 32 105 110 118 97 108 105 100 
32 32 32 32 125 

32 32 32 32 47 47 32 78 111 32 115 112 101 99 105 97 108 32 99 97 115 101 44 32 106 117 115 116 32 97 112 112 101 110 100 32 100 105 114 101 99 116 108 121 32 105 110 116 111 32 102 117 108 108 112 97 116 104 32 118 97 114 105 97 98 108 101 
32 32 32 32 115 116 114 99 112 121 40 102 117 108 108 112 97 116 104 44 32 97 114 103 118 91 49 93 41 59 

32 32 32 32 47 47 32 79 112 101 110 32 116 104 101 32 102 105 114 115 116 32 102 105 108 101 32 97 115 32 82 69 65 68 32 79 78 76 89 
32 32 32 32 105 110 116 32 114 101 97 100 102 100 32 61 32 111 112 101 110 40 102 117 108 108 112 97 116 104 44 32 79 95 82 68 79 78 76 89 41 59 
32 32 32 32 47 47 32 67 104 101 99 107 32 105 102 32 116 104 101 32 102 105 108 101 32 111 112 101 110 101 100 32 99 111 114 114 101 99 116 108 121 
32 32 32 32 105 102 32 40 114 101 97 100 102 100 32 61 61 32 45 49 41 32 123 
32 32 32 32 32 32 32 32 112 117 116 115 40 34 42 42 42 32 82 101 97 100 32 101 114 114 111 114 32 42 42 42 34 41 59 
32 32 32 32 32 32 32 32 114 101 116 117 114 110 32 51 59 32 47 47 32 82 101 116 117 114 110 105 110 103 32 98 101 99 97 117 115 101 32 116 104 101 114 101 32 119 97 115 32 97 32 114 101 97 100 32 101 114 114 111 114 
32 32 32 32 125 
32 32 32 32 47 47 32 83 101 116 32 116 104 101 32 117 109 97 115 107 32 116 111 32 48 32 115 111 32 116 104 97 116 32 115 112 101 99 105 102 105 99 32 112 101 114 109 105 115 115 105 111 110 115 32 99 97 110 32 98 101 32 115 101 116 
32 32 32 32 117 109 97 115 107 40 48 41 59 
32 32 32 32 47 47 32 79 112 101 110 32 116 104 101 32 115 101 99 111 110 100 32 102 105 108 101 32 97 115 32 114 119 45 114 119 45 114 119 45 
32 32 32 32 105 110 116 32 119 114 105 116 101 102 100 32 61 32 111 112 101 110 40 97 114 103 118 91 50 93 44 32 79 95 87 82 79 78 76 89 32 124 32 79 95 67 82 69 65 84 44 32 48 54 54 54 41 59 
32 32 32 32 47 47 32 67 104 101 99 107 32 105 102 32 116 104 101 32 102 105 108 101 32 111 112 101 110 101 100 32 99 111 114 114 101 99 116 108 121 
32 32 32 32 105 102 32 40 119 114 105 116 101 102 100 32 61 61 32 45 49 41 32 123 
32 32 32 32 32 32 32 32 112 117 116 115 40 34 42 42 42 32 87 114 105 116 101 32 101 114 114 111 114 32 42 42 42 34 41 59 
32 32 32 32 32 32 32 32 99 108 111 115 101 40 114 101 97 100 102 100 41 59 
32 32 32 32 32 32 32 32 114 101 116 117 114 110 32 52 59 32 47 47 32 82 101 116 117 114 110 105 110 103 32 98 101 99 97 117 115 101 32 116 104 101 114 101 32 119 97 115 32 97 32 119 114 105 116 101 32 101 114 114 111 114 
32 32 32 32 125 

32 32 32 32 47 47 32 67 114 101 97 116 101 32 97 32 99 104 101 99 107 32 98 121 116 101 32 118 97 114 105 97 98 108 101 
32 32 32 32 105 110 116 32 110 98 121 116 101 59 
32 32 32 32 47 47 32 67 114 101 97 116 101 32 97 32 99 104 97 114 32 98 117 102 102 101 114 32 116 104 97 116 32 99 97 110 32 98 101 32 102 105 108 108 101 100 32 119 104 101 110 32 99 111 110 118 101 114 116 105 110 103 32 116 104 101 32 105 110 116 32 116 111 32 97 115 99 105 105 
32 32 32 32 99 104 97 114 32 102 105 108 108 66 117 102 102 91 51 93 59 
32 32 32 32 105 110 116 32 110 117 109 68 105 103 105 116 115 59 
32 32 32 32 47 47 32 78 101 101 100 32 97 32 98 117 102 102 101 114 32 116 111 32 119 114 105 116 101 32 97 32 115 112 97 99 101 32 97 102 116 101 114 32 101 118 101 114 121 32 97 115 99 105 105 32 110 117 109 98 101 114 32 119 114 105 116 116 101 110 32 116 111 32 116 104 101 32 102 105 108 101 
32 32 32 32 99 104 97 114 32 115 112 97 99 101 66 117 102 102 91 93 32 61 32 123 39 32 39 125 59 
32 32 32 32 47 47 32 83 116 97 114 116 32 116 104 101 32 108 111 111 112 
32 32 32 32 119 104 105 108 101 40 40 110 98 121 116 101 32 61 32 114 101 97 100 40 114 101 97 100 102 100 44 32 98 117 102 102 44 32 66 85 70 70 69 82 95 83 73 90 69 41 41 32 62 32 48 41 32 123 
32 32 32 32 32 32 32 32 105 102 32 40 98 117 102 102 91 48 93 32 61 61 32 39 92 110 39 41 32 123 
32 32 32 32 32 32 32 32 32 32 32 32 105 102 32 40 119 114 105 116 101 40 119 114 105 116 101 102 100 44 32 98 117 102 102 44 32 66 85 70 70 69 82 95 83 73 90 69 41 32 33 61 32 110 98 121 116 101 41 32 123 
32 32 32 32 32 32 32 32 32 32 32 32 32 32 32 32 112 117 116 115 40 34 42 42 42 32 87 114 105 116 101 32 101 114 114 111 114 32 42 42 42 34 41 59 
32 32 32 32 32 32 32 32 32 32 32 32 32 32 32 32 99 108 111 115 101 40 114 101 97 100 102 100 41 59 
32 32 32 32 32 32 32 32 32 32 32 32 32 32 32 32 99 108 111 115 101 40 119 114 105 116 101 102 100 41 59 
32 32 32 32 32 32 32 32 32 32 32 32 32 32 32 32 114 101 116 117 114 110 32 53 59 32 47 47 32 82 101 116 117 114 110 105 110 103 32 98 101 99 97 117 115 101 32 116 104 101 114 101 32 119 97 115 32 97 32 119 114 105 116 101 32 101 114 114 111 114 32 105 110 32 116 104 101 32 108 111 111 112 
32 32 32 32 32 32 32 32 32 32 32 32 125 
32 32 32 32 32 32 32 32 32 32 32 32 99 111 110 116 105 110 117 101 59 
32 32 32 32 32 32 32 32 125 
32 32 32 32 32 32 32 32 110 117 109 68 105 103 105 116 115 32 61 32 109 121 65 116 111 73 116 111 65 40 98 117 102 102 91 48 93 44 32 102 105 108 108 66 117 102 102 41 59 
32 32 32 32 32 32 32 32 105 102 32 40 119 114 105 116 101 40 119 114 105 116 101 102 100 44 32 102 105 108 108 66 117 102 102 44 32 110 117 109 68 105 103 105 116 115 41 32 33 61 32 110 117 109 68 105 103 105 116 115 41 32 123 
32 32 32 32 32 32 32 32 32 32 32 32 112 117 116 115 40 34 42 42 42 32 87 114 105 116 101 32 101 114 114 111 114 32 42 42 42 34 41 59 
32 32 32 32 32 32 32 32 32 32 32 32 99 108 111 115 101 40 114 101 97 100 102 100 41 59 
32 32 32 32 32 32 32 32 32 32 32 32 99 108 111 115 101 40 119 114 105 116 101 102 100 41 59 
32 32 32 32 32 32 32 32 32 32 32 32 114 101 116 117 114 110 32 54 59 32 47 47 32 82 101 116 117 114 110 105 110 103 32 98 101 99 97 117 115 101 32 116 104 101 114 101 32 119 97 115 32 97 32 119 114 105 116 101 32 101 114 114 111 114 32 105 110 32 116 104 101 32 108 111 111 112 
32 32 32 32 32 32 32 32 125 
32 32 32 32 32 32 32 32 47 47 32 87 114 105 116 101 32 97 32 115 112 97 99 101 32 97 102 116 101 114 32 101 118 101 114 121 32 97 115 99 105 105 32 110 117 109 98 101 114 32 105 115 32 119 114 105 116 116 101 110 
32 32 32 32 32 32 32 32 105 102 32 40 119 114 105 116 101 40 119 114 105 116 101 102 100 44 32 115 112 97 99 101 66 117 102 102 44 32 49 41 32 33 61 32 49 41 32 123 
32 32 32 32 32 32 32 32 32 32 32 32 112 117 116 115 40 34 42 42 42 32 87 114 105 116 101 32 101 114 114 111 114 32 42 42 42 34 41 59 
32 32 32 32 32 32 32 32 32 32 32 32 99 108 111 115 101 40 114 101 97 100 102 100 41 59 
32 32 32 32 32 32 32 32 32 32 32 32 99 108 111 115 101 40 119 114 105 116 101 102 100 41 59 
32 32 32 32 32 32 32 32 32 32 32 32 114 101 116 117 114 110 32 55 59 32 47 47 32 82 101 116 117 114 110 105 110 103 32 98 101 99 97 117 115 101 32 116 104 101 114 101 32 119 97 115 32 97 32 119 114 105 116 101 32 101 114 114 111 114 32 105 110 32 116 104 101 32 108 111 111 112 
32 32 32 32 32 32 32 32 125 
32 32 32 32 125 
32 32 32 32 105 102 32 40 110 98 121 116 101 32 60 32 48 41 32 123 
32 32 32 32 32 32 32 32 112 117 116 115 40 34 42 42 42 32 82 101 97 100 32 101 114 114 111 114 32 42 42 42 34 41 59 
32 32 32 32 32 32 32 32 99 108 111 115 101 40 114 101 97 100 102 100 41 59 
32 32 32 32 32 32 32 32 99 108 111 115 101 40 119 114 105 116 101 102 100 41 59 
32 32 32 32 32 32 32 32 114 101 116 117 114 110 32 54 59 32 47 47 32 82 101 116 117 114 110 105 110 103 32 98 101 99 97 117 115 101 32 116 104 101 114 101 32 119 97 115 32 97 32 114 101 97 100 32 101 114 114 111 114 32 105 110 32 116 104 101 32 108 111 111 112 
32 32 32 32 125 

32 32 32 32 47 47 32 67 108 111 115 101 32 116 104 101 32 102 105 108 101 32 100 101 115 99 114 105 112 116 111 114 115 
32 32 32 32 99 108 111 115 101 40 114 101 97 100 102 100 41 59 
32 32 32 32 99 108 111 115 101 40 119 114 105 116 101 102 100 41 59 

32 32 32 32 114 101 116 117 114 110 32 48 59 
125 
